310 (1435)
365 (1435)
1031 (1435)
1216 (1435)
1435 (6725)
1580 (1435)
1598 (1435)
1702 (1435)
1825 (1435)
1983 (6725)
1989 (1435)
2314 (1435)
2828 (1435)
3768 (1435)
4195 (6725)
4243 (1435)
4482 (1435)
5347 (1435)
5415 (1435)
5492 (6725)
5629 (1435)
5637 (1435)
6401 (1435)
6470 (1435)
6725 (0)
7072 (8834)
7121 (8834)
7628 (8834)
7851 (8834)
8834 (6725)
8973 (8834)
9540 (8834)
9960 (8834)
10254 (8834)
10524 (6725)
10633 (8834)
11254 (8834)
11271 (8834)
11409 (8834)
11529 (6725)
11605 (8834)
11867 (8834)
11875 (8834)
12136 (8834)
12245 (6725)
12442 (8834)
13018 (8834)
13026 (8834)
13079 (8834)
14203 (0)
15177 (15489)
15274 (15489)
15489 (6725)
15646 (15489)
15810 (15489)
15921 (6725)
15961 (15489)
16241 (15489)
16513 (6725)
16704 (15489)
16867 (15489)
17112 (15489)
17251 (15489)
17364 (6725)
17391 (15489)
17635 (15489)
17688 (15489)
17995 (15489)
18121 (0)
18834 (19867)
18993 (19867)
19207 (19867)
19574 (19867)
19867 (6725)
20443 (19867)
22030 (19867)
22229 (19867)
22275 (19867)
22286 (6725)
22442 (19867)
23209 (19867)
23471 (19867)
23796 (19867)
23830 (0)
24504 (25907)
24696 (25907)
25262 (25907)
25857 (25907)
25907 (6725)
25981 (25907)
28727 (25907)
28924 (25907)
28980 (25907)
29816 (6725)
29982 (25907)
31753 (25907)
32505 (25907)
32760 (25907)
