265
7522
1463
5182
680
5853
2527
1958
2353
4655
549
5071
4543
167
3020
2132
388
3421
2327
2058
6990
7034
334
4184
2233
4824
3395
7497
502
3848
2262
367
3339
8659
9782
8330
1050
1843
2553
7689
678
4019
317
176
3124
580
3455
9210
2079
7297
7725
225
4606
4373
439
61
41
5356
811
1289
2138
8359
5074
5228
2033
1092
7588
2886
2043
2494
707
1001
3571
960
119
715
6649
1968
6933
8185
1795
2122
5830
7005
1713
9401
1765
35
7813
1373
553
8809
2627
8986
4292
7061
6773
8350
795
4843
5570
3029
9511
4223
2864
7104
6667
280
839
3667
9174
9462
9272
2414
2347
710
7726
6527
352
6947
5844
6341
5509
6815
4344
2328
4469
402
9374
4871
4897
369
4087
1506
7451
1779
2851
4362
9024
9872
9189
7845
3562
1708
1175
3606
5333
2595
8142
221
5440
5732
6894
6779
8150
2243
4673
3353
6126
810
5812
2617
3279
271
3363
1580
2824
8044
6454
2789
1375
6827
8507
2271
521
144
8327
5883
3498
3020
8999
7788
540
6815
2348
119
4373
9438
9846
2628
6820
405
4528
4458
1677
2766
2477
4203
4358
9491
1824
9963
5792
1424
1682
2007
1978
5485
6784
3107
2370
5291
9651
2133
670
6108
1589
240
9658
1847
3872
8019
82
8492
889
788
3715
5174
5517
1463
7821
2543
8506
1603
1163
4120
3841
3254
294
9465
8459
3896
8135
1813
9994
8990
1276
1618
2625
5776
4605
3096
4070
8525
2639
2007
7191
5677
5368
526
955
2744
9412
2953
8507
8181
2568
1707
4497
2277
7637
4844
495
5009
9327
5173
466
4161
7615
4074
392
9038
4933
4214
1073
7674
3794
2301
7123
6879
4965
3726
9504
5798
2373
1960
7995
9385
9134
3920
5400
938
9375
943
6964
3494
9604
2592
357
1812
911
7995
5059
1554
4252
875
6056
2898
3284
8359
2371
6897
1491
1551
7955
8441
1446
133
66
1351
647
2367
7152
1167
2380
2570
3330
7310
4972
1473
6731
6177
1123
8926
8185
6836
8520
623
739
3390
5117
6349
482
4683
3512
3721
6413
1321
1808
5224
1977
2199
9241
3297
8128
7723
5027
8324
7522
867
9327
2782
4426
9854
9717
666
5491
9309
3282
3946
8458
2244
6501
1766
4229
8405
7484
1827
2756
3454
8443
9848
8983
8193
2173
8670
2785
3734
1661
2294
4395
8860
1687
1503
2668
2741
4123
808
5160
915
4738
435
9254
2621
1684
2826
550
2679
9449
2102
8178
1153
6766
6574
2197
5886
4587
4013
3354
2391
898
2359
2966
8593
651
653
7384
7565
8814
735
2304
7279
6976
5394
318
2209
881
2610
6076
1337
8869
954
2719
1864
9235
7297
2426
5508
8442
7799
915
2488
7322
5728
1946
7658
5474
1728
8887
958
8694
7320
8963
473
8131
7696
1082
8137
8582
8614
6064
195
2025
9430
1426
4796
7040
9402
174
3740
9124
3139
8789
112
7021
6793
6975
7327
7765
5327
5264
8544
5706
8459
8570
1786
9764
9157
7059
9291
9705
429
6536
1517
3085
450
2659
3062
4574
4064
5641
9247
8831
554
9142
2487
4818
9273
7853
8089
4252
4995
7915
9851
7764
5839
2556
24
5788
9000
7072
2929
6211
3136
6607
8479
1337
7111
8090
9836
3269
3484
420
4371
3188
2435
225
9669
7043
5144
9613
9646
1247
611
6016
4471
4282
2173
8209
6605
5233
5554
7721
6369
8795
8374
6154
4546
8421
7149
2703
8360
3292
8118
5798
8978
4635
8583
2523
6242
5990
7407
3142
5383
1253
5000
7592
7596
3413
8428
818
3231
9483
2858
1687
2533
4123
3272
915
4092
1096
5707
2027
3009
781
2213
9991
1074
6267
6206
2606
695
8228
2854
4560
6205
8055
5626
8442
1714
4813
9365
1526
8056
5044
1289
4961
7172
5897
5982
9089
710
6780
2570
2134
5454
3374
5505
8143
653
766
9919
5889
1578
3524
6532
6916
3926
1630
4592
7679
7682
1338
7999
6709
5679
9074
4166
1311
1638
1022
1215
5804
2745
9703
2161
5174
201
7448
9828
2327
2458
8698
6211
2796
7508
1456
4514
4649
2348
8768
1410
7725
9186
5651
1139
9672
7147
2782
6682
586
114
7906
9172
3117
9451
1985
6313
3845
121
3651
6963
7079
9377
2984
1745
4296
5469
2030
3896
7431
1717
1381
233
1550
2747
849
6617
7877
5494
800
1437
408
4082
3693
1076
11
9302
868
4265
1386
5382
5831
2489
2789
6282
4432
2290
204
2510
9528
29
3559
1499
4807
9853
2666
486
4301
7752
5719
199
112
5670
7252
8925
7031
1943
2398
2753
5943
7130
7118
7288
2107
8540
7851
2796
6202
9325
8112
8509
4196
7593
6560
7604
8428
9237
663
7353
4876
4425
7283
2726
54
6797
2595
4555
8071
7815
5887
3939
4689
6196
8136
1671
9337
9972
4816
9457
6573
667
6157
1716
3322
3989
1354
698
2286
9226
8447
5598
7417
7539
819
8219
5081
1340
3999
6484
166
2986
7476
4518
6939
7390
7616
5499
3111
5434
7629
6016
8947
9844
1322
7674
4628
409
2558
2356
6003
836
3930
8604
8267
6255
7038
3806
306
5992
9567
8593
940
2776
6632
4289
413
1281
3742
5804
7758
134
8232
6978
9074
6719
8367
294
104
9068
4483
6138
2627
4186
3870
9818
2505
756
8045
3063
7657
2092
3483
2056
9521
9066
9744
7804
2415
3076
9083
2451
9110
1999
4428
4989
3363
1332
2597
6322
3248
439
65
4820
9256
5108
2805
5522
1180
2251
5638
6015
9718
1150
7708
6418
8237
3688
7366
3295
8136
8160
5678
902
1734
5517
9246
218
7805
1133
5395
2565
6290
1553
240
7626
6409
3003
4118
363
7916
5739
1315
7436
5889
6550
7513
8519
9223
569
9745
978
7890
6556
7183
6686
1704
3434
7112
9281
746
8207
8689
8663
7431
7699
4569
2996
4189
5751
6202
3517
8465
4477
5196
5783
8993
6317
1483
6336
2281
9125
4058
285
4339
161
5031
3700
1058
9516
