1171
7134
6888
3670
6970
5042
1651
1972
5685
1996
4376
6094
9292
504
3024
4146
5819
5882
6661
2174
4838
3970
3540
3166
5646
8200
6444
4854
152
7502
7341
4884
1394
6069
9081
4080
1747
8371
4234
1354
352
5211
326
5478
4687
7746
353
7581
8352
6798
372
1923
2574
4086
626
3765
5126
7478
570
5479
3302
7092
5144
1219
4450
3105
7546
4717
6188
7340
7269
2395
2818
1669
2598
9783
1912
7732
693
6435
8520
7947
6910
8861
5607
5043
8355
8458
3057
2908
6456
3064
5418
4705
8
8210
872
6521
248
6352
4811
6420
8353
9806
1926
2886
335
983
2963
5668
4613
6145
5253
6804
5972
2490
621
5232
7963
2496
7090
6636
3008
2407
5019
7625
8416
7414
8766
4648
5428
5187
1103
5683
7637
9137
8472
6065
4071
423
8318
3667
4498
7407
655
9723
7059
7653
3010
2608
850
3271
8954
5679
6584
4901
8280
797
4703
6729
3164
1919
1674
5823
8500
6478
7396
1046
8223
2196
3700
5671
9383
5148
8804
4726
9150
9417
7890
3512
1623
1861
2534
8948
6409
7246
229
7244
6720
7420
742
5262
9604
5797
2515
5045
1758
2500
5586
5686
8264
5896
4052
8584
1284
345
2861
4131
7568
1889
3830
8188
2424
8008
3792
224
9020
9632
410
8720
1108
2
5780
2315
1602
1337
2292
162
2615
3277
8553
3336
5096
4067
7695
4456
2594
755
9714
9228
3276
2153
2487
9819
6428
4497
1847
4348
3885
1549
3622
8446
201
6882
6585
2334
6598
2588
3319
1329
9698
7524
5705
556
652
7248
2394
721
1755
5497
9722
6363
7436
4794
8811
2920
740
3059
3264
8349
2967
2809
5429
584
9000
3104
2752
1494
2529
1995
4743
5622
7542
5347
4850
3741
4917
9175
4994
1035
3728
8595
898
5198
6527
6068
4445
2389
703
1649
6968
9328
9855
1218
2935
2206
2657
8544
8685
1849
2990
1573
5723
2381
5068
365
1216
7942
8869
7241
3801
8818
6877
7706
806
7615
5131
7393
1552
6672
9765
3751
191
2128
3596
5486
1691
503
6856
1047
4098
1099
8325
9350
233
537
510
3
1782
3348
6648
5795
4189
3869
9971
2998
1130
8899
2364
5474
205
7350
3840
7694
3558
2811
1221
7769
1255
6238
68
4839
2492
7938
2801
4954
1904
2297
2047
7914
6197
5137
7766
3324
6874
5788
8787
5945
6264
5089
8003
6808
5756
9676
1635
790
8807
9572
5870
2304
2233
3965
8485
5329
3183
7759
8745
5323
5254
19
7951
1235
5691
2522
9704
9292
3619
6568
3033
7720
1143
1913
4109
9300
7034
2921
883
1011
5722
6819
9468
8580
1637
644
3734
9536
9661
181
6946
1369
8028
6250
1561
8802
1865
9472
6867
1539
5466
707
3290
7182
8361
4851
814
3234
986
6184
3018
8864
8220
820
599
4636
9998
8295
2224
4454
6195
2313
1045
8810
9273
1587
2069
1607
1279
4276
6730
2341
4433
4868
9524
864
7924
8012
670
6557
290
7452
1150
2834
5288
3205
4484
1042
5230
7300
8588
1287
1023
5533
53
1746
141
2601
8047
9118
1142
8241
7803
1195
8095
7077
4284
2701
1772
9597
8926
689
9921
3274
2007
3221
9574
2960
3485
7737
3040
1960
7009
5422
2753
8617
7580
4256
1463
4730
5802
3583
1543
5576
8505
3761
6111
4512
6300
9535
7877
9728
1765
757
794
5224
7082
4382
1065
9715
2854
5924
3145
3695
6828
6709
7307
2471
3914
6824
6030
6061
1646
3280
549
3368
7852
2135
5559
418
8813
2154
1064
4410
4964
9416
6708
3993
2191
1210
9441
1175
56
7464
732
215
5155
2805
5194
3082
368
2643
6551
1743
7526
1205
925
3050
6151
1247
4659
3103
7773
9679
5053
4496
7398
2295
2982
8752
738
4477
5031
1227
3625
4475
3476
6257
9502
1946
5778
70
3282
2019
550
2008
9196
5634
4258
9980
6298
5761
2188
3546
8687
5828
9256
7007
7636
7609
2000
2044
7541
4331
4883
5166
9076
8350
1454
8401
371
3198
7677
1020
3522
9974
2878
9773
8109
3831
7935
1844
3898
519
2470
5210
7016
2798
5644
1752
4615
9074
2325
7989
7405
9418
9444
1850
4403
524
9747
1248
6640
471
1167
3793
3694
8057
6480
8086
9887
8017
2457
1386
344
221
1372
3926
648
9731
1597
9532
3962
6926
7864
4472
3708
2774
8710
7523
6161
7011
2859
2762
4260
7410
387
9567
8527
505
399
8126
8552
1690
3251
5975
1136
3058
8618
6510
313
5859
3799
1845
175
2741
4327
7954
204
4505
9654
5604
8204
8575
3538
735
188
7661
4928
8278
9924
1435
2542
7997
2455
5554
4249
47
5817
646
2510
6977
5777
2794
671
547
6914
6052
1007
8167
8074
1427
7902
8151
9072
9911
3756
5250
2923
739
1293
3966
5856
4088
1928
7860
4776
1343
8322
5088
5904
1683
8576
3785
9458
8039
3370
5857
7018
1862
5078
8214
9367
6466
7002
237
2452
3243
4268
6712
5006
5212
2550
2955
2448
4772
397
8346
283
5502
2450
9068
9961
3719
289
4918
158
227
9451
4091
2241
36
2824
9743
7472
5423
9680
5649
834
7670
4324
1964
4288
6590
1178
1358
9306
3212
225
7391
3048
2286
3400
6523
3165
5364
9995
9841
3651
7197
7403
7774
4606
1601
2239
2498
5381
2684
7443
3014
182
2081
4670
1239
3967
6564
2547
8531
6589
1505
1291
4742
364
5291
6119
8518
2562
1144
8036
1475
7857
7255
1126
9206
5233
4255
2563
1228
947
3544
6286
2873
270
6494
5284
6499
8895
2316
2440
125
8771
8496
1953
596
8357
4343
114
1780
3752
1073
6406
9594
9030
1497
6526
1815
5887
7644
